outflow	inflow
3134	918
3124	494
3111	185
3097	123
1817	765
681	192
681	242
681	571
680	238
680	179
406	288
211	398
211	159
211	272
192	379
153	280
153	4568
154	4323
999	1536
2234	842
1361	1561
393	2939
394	1908
394	456
397	12758
874	4800
2135	1684
2251	1424
1362	904
1362	1793
1361	754
1360	901
1568	1265
1988	3237
1404	3926
525	9571
535	18960
540	4268
542	1739
542	1827
1089	2207
2128	882
3340	609
3529	1148
3519	683
3508	1141
3499	534
3488	835
3753	335
4014	387
3997	487
3652	455
2847	1036
3664	1049
4008	1095
4140	1121
4121	476
4100	1062
4079	358
3130	590
1811	619
1808	616
1388	262
967	440
505	123
505	383
474	292
418	234
348	356
241	807
241	1010
242	2030
242	2023
243	1829
243	644
293	753
393	588
1528	265
2573	250
2563	61
2374	621
912	541
153	96
153	98
153	719
153	102
153	409
153	5432
154	3195
155	882
400	659
1012	348
1205	406
1203	403
1202	210
1024	169
738	154
515	325
371	643
311	116
448	187
397	204
360	36
368	254
389	88
378	257
340	233
310	237
280	37
252	201
220	111
195	139
182	64
182	320
182	252
166	356
153	29
153	22
153	211
132	38
97	60
97	197
97	357
97	40
97	131
97	301
97	380
97	303
97	321
97	200
97	17
97	11
97	192
97	240
97	58
97	115
97	4030
98	4800
98	1621
98	485
560	167
1030	835
1034	6264
503	3387
99	1192
99	510
790	362
1561	1701
1567	5444
1572	1475
1570	550
1967	468
2433	477
2426	423
2418	199
2410	146
2402	49
1817	86
722	110
98	48
98	162
98	137
98	368
98	350
98	88
98	42
98	1636
98	705
98	34
98	26
98	24
98	24
98	83
114	56
109	9
125	113
125	43
125	225
125	269
125	356
108	187
97	268
114	117
140	157
153	152
152	89
152	20
136	84
125	156
124	220
124	55
107	71
97	74
97	1237
97	449
97	77
97	288
97	589
97	299
97	480
97	301
97	179
97	132
106	5
114	54
97	9
106	228
124	558
109	12
97	405
97	6
97	123
97	110
97	131
97	1
97	54
97	588
97	634
97	52
97	63
97	65
97	60
97	123
96	119
96	173
96	176
96	3
106	115
124	95
123	267
107	534
96	65
96	124
96	118
96	223
96	578
96	64
96	18
96	119
96	65
96	66
96	124
96	121
96	166
96	117
96	9
96	154
107	140
130	248
136	108
122	8
122	29
122	344
122	37
122	36
122	128
114	25
95	306
105	102
138	59
149	87
149	92
149	153
149	343
149	197
146	100
149	136
149	3
149	656
115	607
95	253
95	947
95	5326
96	907
96	38
96	283
96	199
96	82
96	2
96	58
96	105
96	50
96	5
96	62
96	64
96	47
96	768
96	202
96	2
96	106
96	9
73	36
65	27
95	104
95	54
95	114
95	115
95	52
95	262
95	426
95	262
95	12
95	54
95	9
95	122
95	10
95	11
95	535
95	205
95	90
95	240
95	45
95	31
95	11
95	44
95	17
95	17
95	10
95	34
95	254
95	7
80	84
57	111
57	6
57	7
57	61
57	209
57	270
57	53
57	208
57	66
57	94
57	1
57	268
57	528
57	203
57	1
57	56
57	133
57	497
57	322
57	14
57	87
57	10
57	193
57	350
57	17
62	132
62	120
62	490
62	264
62	204
62	209
62	58
62	73
62	299
62	171
62	54
62	193
62	248
62	265
62	215
62	17
62	112
62	157
62	160
62	204
62	209
62	108
62	118
62	121
62	116
62	392
62	168
62	33
62	300
62	164
62	27
62	123
62	106
62	21
62	265
62	8
62	63
62	117
62	208
62	136
62	125
62	33
62	217
62	632
62	30
62	63
62	107
62	168
62	24
62	14
62	602
62	275
58	263
54	2143
55	923
55	434
55	383
55	483
55	46
55	118
55	107
59	111
74	511
95	333
95	37
95	73
95	429
95	73
95	80
95	54
95	36
95	16
95	69
95	429
95	221
95	2
95	744
95	162
95	369
95	281
95	309
95	147
95	1009
82	468
63	167
63	440
63	1155
63	1120
63	522
63	409
63	177
63	227
63	472
63	232
63	421
63	63
63	54
75	312
96	19
96	344
96	1327
96	508
96	563
96	796
97	859
97	455
97	2882
97	3592
98	1397
98	690
98	91
98	490
98	1087
98	111
98	281
98	284
98	618
98	548
175	967
303	356
303	497
303	296
303	502
302	2141
303	551
303	427
303	232
303	568
303	238
303	357
303	223
303	222
303	100
303	431
302	759
302	237
302	1289
302	36
302	237
302	98
302	228
302	1883
302	95
302	299
302	430
302	230
302	164
302	106
302	32
302	167
301	160
301	1017
302	760
302	496
302	227
302	501
302	37
302	98
302	34
301	90
284	283
253	185
225	232
175	721
153	2725
154	1474
154	403
234	161
302	182
302	22
302	82
302	213
301	209
301	25
266	58
209	169
169	118
137	26
136	343
153	415
153	477
153	33
153	17
153	267
153	211
153	43
153	274
153	41
153	208
153	22
153	139
152	143
152	45
152	269
152	208
152	106
113	621
120	125
152	145
152	32
152	135
152	147
152	148
169	476
148	284
124	67
124	618
124	576
124	64
124	52
124	82
147	12
152	302
152	182
152	118
151	7
162	112
196	29
199	224
176	82
172	209
57	235
172	339
172	192
140	148
121	208
151	59
167	160
179	161
179	135
131	19
32	241
150	50
150	320
150	93
150	376
123	32
95	4
95	106
95	10
116	240
149	279
149	445
149	372
120	80
115	139
149	207
137	114
132	195
149	269
149	44
129	188
95	270
129	202
149	18
135	203
121	79
121	88
121	85
111	4
95	38
95	118
119	62
148	71
148	126
148	223
123	716
95	1226
95	110
106	24
121	40
121	90
121	156
121	11
133	84
149	424
135	39
121	130
121	111
121	96
121	8
120	132
105	514
94	536
94	207
94	89
94	104
94	77
94	349
94	31
94	107
94	224
94	38
94	229
94	58
94	29
94	158
106	4
120	72
120	42
120	57
106	97
94	246
94	33
94	13
93	17
93	197
110	2
119	324
105	1232
94	78
94	33
94	29
93	21
93	62
93	153
93	61
93	200
93	329
93	508
93	22
93	286
93	80
93	14
93	69
94	2621
94	243
94	156
94	110
94	21
94	57
94	11
94	75
94	66
94	65
94	54
93	65
93	387
93	165
93	253
93	185
93	24
93	153
93	61
94	331
93	47
93	21
93	99
93	113
93	246
93	1383
94	551
94	161
94	146
94	65
94	64
94	106
94	68
93	1046
94	123
94	183
94	154
94	7
94	100
77	4
56	18
56	62
56	334
56	367
56	157
62	119
62	114
62	422
62	660
62	969
63	359
63	399
63	157
63	918
63	78
63	251
63	123
63	265
63	489
63	208
63	313
63	70
63	75
63	149
63	72
63	7
63	267
63	78
63	494
63	168
63	313
63	9
63	25
63	62
63	14
63	455
63	22
63	166
63	411
63	121
63	110
63	219
63	113
63	169
63	939
63	347
63	27
63	22
63	114
63	159
63	123
63	18
63	206
63	268
63	159
63	74
63	312
63	74
63	309
63	545
63	513
63	25
63	73
63	70
63	352
63	173
63	121
63	686
63	374
63	507
63	384
63	613
63	1371
63	184
63	241
63	498
63	281
63	435
63	395
63	176
64	2744
64	2161
64	752
64	239
64	246
64	230
64	828
64	67
64	162
64	188
64	241
64	179
64	129
64	352
64	52
64	240
64	701
64	1557
64	800
65	562
65	377
65	2488
65	7945
81	2133
99	848
99	780
167	294
215	137
215	681
215	201
215	7
339	56
512	428
389	46
244	234
244	111
244	85
244	85
244	166
282	73
300	184
233	41
214	70
213	73
190	82
155	93
229	84
303	38
197	136
154	407
154	869
154	147
154	64
154	42
154	673
255	582
333	385
333	115
229	109
154	221
243	252
333	65
283	85
213	1397
214	2835
644	564
1156	189
929	1394
886	59
848	251
509	33
509	22
509	548
509	709
509	244
642	228
786	56
786	112
618	151
343	58
212	59
257	734
331	725
276	214
212	58
212	22
212	210
180	2
153	285
153	172
134	1029
98	245
98	91
98	38
98	160
195	57
224	79
122	68
97	143
97	101
97	225
97	347
98	977
98	159
98	175
98	80
97	44
97	84
97	26
97	395
97	172
97	221
97	95
97	72
97	216
97	266
97	77
114	121
140	109
152	195
152	276
152	35
138	222
138	183
115	24
97	13
111	175
139	77
152	76
134	663
97	1225
97	75
128	28
158	114
124	156
124	66
135	73
152	178
152	111
151	38
151	108
151	192
114	99
96	337
96	431
96	61
124	211
151	516
151	446
114	370
96	242
96	103
96	538
114	52
151	8
151	37
142	207
123	49
112	1283
96	70
106	256
123	838
123	298
123	64
123	109
123	81
123	112
123	20
123	218
123	1749
108	518
96	50
96	37
96	96
96	21
96	448
96	90
96	54
96	21
96	39
121	29
151	32
151	6
151	789
151	196
114	1236
96	92
96	910
96	458
96	147
96	388
96	22
96	140
96	34
96	83
106	49
123	100
123	300
123	2
112	1569
97	5878
97	1033
109	359
125	249
125	61
125	128
125	74
125	123
125	2
125	62
125	749
125	134
125	51
125	247
125	134
125	3
125	64
125	61
125	569
125	303
110	108
98	159
97	92
97	95
97	93
97	92
97	534
97	218
97	99
97	34
97	208
97	136
97	89
97	39
97	37
97	30
97	20
97	145
97	26
97	28
97	341
97	294
97	166
97	29
97	45
97	30
97	43
97	95
97	84
97	38
97	84
73	109
58	65
58	123
58	53
58	401
58	234
58	176
58	292
58	350
58	103
58	115
58	63
58	3
58	63
58	220
58	294
58	58
58	6
58	114
58	4
58	56
58	61
58	57
58	50
58	12
58	42
58	10
58	3
58	175
58	115
58	6
58	161
58	122
58	1
58	116
58	4
58	101
58	115
58	178
58	55
58	115
58	67
58	819
58	412
58	1
58	32
58	113
58	2867
58	1216
58	667
58	1304
58	107
58	360
58	369
58	600
58	498
58	481
58	70
58	292
58	127
58	48
58	123
58	105
58	360
58	131
58	8
58	617
58	128
58	671
98	3768
378	9269
1707	2942
2500	1456
2495	962
2489	407
2481	139
2473	469
1458	590
683	203
683	148
682	348
682	106
347	162
153	894
359	547
505	499
505	312
414	98
303	297
153	96
121	675
445	3785
1031	2278
1031	823
1031	810
1265	402
1541	1186
1539	283
942	790
331	848
331	722
331	257
331	978
713	307
1367	232
1029	685
506	1867
507	1433
811	732
509	2614
524	2758
1314	1308
1549	740
1546	499
1543	292
1327	127
1027	402
1027	824
1026	292
538	530
153	92
153	143
186	244
241	1789
541	1322
1028	491
883	212
682	329
682	368
681	229
153	767
153	158
153	448
153	103
153	18
153	1271
429	1355
683	1127
683	206
683	540
536	125
389	100
389	697
524	1224
683	548
682	332
682	813
827	2391
1029	1141
1028	1018
1028	360
905	428
642	372
564	144
564	1653
564	887
564	295
564	418
564	239
564	184
475	155
269	628
153	1267
153	403
301	564
389	17
389	193
358	31
301	59
300	162
241	367
212	2057
448	693
683	211
616	202
505	168
505	60
418	36
291	5819
842	8362
2336	2120
2653	707
2645	432
2636	423
2627	31
2142	214
1147	113
568	125
337	80
300	138
300	809
268	2514
242	4934
945	1785
1720	784
1716	582
1714	842
1709	81
1405	7
636	9
270	22
161	107
125	47
108	19
97	151
97	13
97	402
97	278
97	211
97	545
98	12850
959	12046
1758	1656
1116	2353
958	1758
957	7
1956	609
2551	174
2894	47
3098	151
3084	101
2912	920
2585	408
2457	5
1409	56
389	126
389	74
256	75
132	62
97	147
97	173
97	517
98	1310
98	4857
99	8015
223	3350
874	2718
1611	2582
2348	901
2828	603
3099	347
3089	2244
3091	3018
3085	1760
3080	2726
3014	5067
3087	2044
3080	1212
3325	597
3525	150
2462	479
1172	360
820	62
211	99
211	210
164	152
125	130
125	64
125	238
125	60
125	310
125	126
115	182
97	92
97	228
97	479
97	527
97	1016
97	347
97	35
97	398
97	81
97	37
97	96
97	77
97	485
97	343
98	1284
136	326
251	1
330	10
330	57
330	136
330	517
330	263
271	822
153	966
257	578
330	130
330	46
153	98
132	10
97	21
97	28
97	77
97	16
97	1217
98	649
98	348
98	206
98	35
98	153
97	91
97	21
97	139
97	34
97	266
97	40
97	44
97	342
97	158
97	116
97	348
97	72
97	93
97	27
97	597
97	27
97	154
97	155
97	30
97	92
97	155
97	93
97	80
97	75
97	21
97	60
97	120
97	2
97	70
96	126
97	967
97	227
97	211
97	197
97	36
97	48
96	40
96	22
96	65
96	25
96	51
96	124
96	94
96	75
96	75
96	11
96	47
96	305
82	84
63	229
63	71
63	50
63	13
63	48
63	163
63	585
63	303
63	121
63	55
63	77
63	51
63	291
62	350
62	51
62	9
62	121
62	356
62	392
62	42
62	114
62	16
62	50
62	614
62	543
62	29
62	60
62	17
62	286
62	366
62	39
62	1039
62	614
62	177
62	160
62	64
62	116
62	38
62	163
62	71
62	71
62	9
62	220
62	176
84	143
62	625
62	531
62	171
62	184
62	1162
63	770
63	824
63	829
63	237
63	241
63	241
63	2
63	637
63	4012
63	2797
64	1048
64	496
64	437
64	323
64	7660
788	6015
1747	1316
2017	832
2308	846
2840	334
3113	494
3101	110
2412	1605
1602	1070
1360	653
577	388
211	835
212	4352
214	8581
851	1870
1726	1785
2273	1632
2269	735
2495	964
2489	341
2481	406
2473	388
2206	688
1725	41
663	653
153	406
153	401
153	82
132	318
98	408
98	142
98	90
98	229
98	279
98	167
98	215
98	472
185	1416
331	6
215	802
98	352
98	286
268	458
506	89
506	834
507	1015
605	1328
745	3323
748	3967
750	1642
1736	1524
2904	1713
3115	1361
2579	2164
1996	2135
1995	1184
2252	664
2464	338
1751	697
772	532
626	423
153	277
153	277
153	512
130	501
98	533
284	787
596	9010
606	12219
612	4439
1581	1927
3043	873
3489	1406
3813	359
3795	375
3778	589
3758	379
3742	1340
3525	2913
3192	2385
2695	1843
1705	956
1026	825
1026	690
681	429
330	966
331	324
330	131
330	647
331	1383
332	1837
687	949
1199	397
1198	455
1196	262
711	451
301	362
301	23
301	5417
1260	8132
2499	2145
2826	820
3121	641
3109	585
2907	257
1877	630
683	3114
899	1951
1386	982
1470	912
1370	1840
1370	1414
1370	904
1669	670
1797	562
877	312
284	2266
212	2194
213	800
601	593
798	723
332	1515
784	1906
1433	707
1720	450
1717	320
1238	172
783	313
729	225
476	176
330	99
289	220
241	183
241	119
241	8
240	244
186	6046
404	26142
1091	4887
1906	1249
2438	647
2718	403
2711	616
2703	324
2694	320
2685	113
2676	169
2667	188
2658	507
2649	242
2298	184
1292	370
687	19
686	85
685	49
733	152
800	265
800	146
798	87
798	240
797	51
357	490
97	26
97	357
97	164
97	661
98	97
97	212
97	31
97	16
97	21
97	287
97	475
97	260
97	91
97	152
97	89
97	108
97	36
97	105
97	219
97	150
97	35
97	72
97	205
97	723
97	509
97	277
97	232
97	57
97	145
97	324
97	244
97	151
97	127
97	139
97	116
97	3071
97	601
97	159
97	150
97	96
97	24
97	539
97	88
97	163
97	782
97	406
97	100
97	457
97	101
97	274
97	87
97	36
97	1161
97	1099
97	335
97	222
97	29
97	10
97	14
97	76
97	476
97	891
98	226
98	1030
268	2388
507	180
604	58
741	13
741	56
446	311
153	229
153	340
130	7
97	13
97	153
97	91
97	82
97	15
97	90
97	77
97	212
97	88
97	150
97	38
97	147
97	105
97	1058
97	99
97	28
97	75
97	972
97	347
97	90
97	351
97	345
233	421
97	465
97	91
97	34
97	80
97	153
97	37
97	23
97	88
97	87
97	338
97	4480
98	1457
98	102
98	40
98	40
98	28
98	82
98	14
97	19
97	71
97	230
97	403
97	266
97	24
97	149
97	208
97	4
97	733
97	24
97	53
97	102
97	2845
98	737
98	167
98	299
98	160
98	83
98	282
98	146
98	21
98	271
97	22
97	19
97	93
97	86
97	350
97	147
97	171
97	291
97	85
97	86
97	25
75	17
62	116
62	255
62	114
62	4
62	4
62	63
62	123
62	110
62	186
62	247
62	66
62	679
62	313
62	49
62	57
62	57
62	120
62	265
62	1007
62	111
62	3951
63	1967
63	846
63	519
63	442
294	164
566	21
566	299
1131	60
1090	44
447	576
447	376
301	307
98	524
98	844
98	687
98	151
98	367
98	80
185	122
331	383
331	102
331	65
330	70
330	212
330	86
330	488
330	704
332	8758
336	5426
337	1441
337	889
337	521
549	2262
1557	1332
2693	523
3142	501
2452	659
2061	570
1161	1161
2052	63
2047	246
2192	462
1490	125
395	302
153	159
153	285
154	3807
154	3454
378	1666
961	962
2061	487
2791	527
2783	1518
2777	839
1785	1028
505	502
505	386
367	999
242	2435
242	1901
862	1262
1543	857
1537	209
1537	209
1107	596
505	163
505	198
505	1053
505	127
402	530
153	407
153	90
153	279
153	90
153	752
153	1845
1291	1477
2079	1545
1133	74
681	2026
682	1111
680	60
680	729
558	1189
388	114
388	309
388	519
388	581
388	1019
389	1084
511	829
682	1175
896	901
1194	793
1194	2480
1607	4324
2776	4416
3264	2259
3262	5251
3282	7080
3286	2243
3278	1422
3267	884
3254	576
2155	1096
1487	488
1098	703
739	738
739	864
739	720
739	870
500	58
226	473
153	1643
153	1488
154	752
536	793
1027	88
1026	526
1025	523
1025	1156
1025	1010
1024	387
742	781
504	509
504	302
299	54
127	555
98	398
97	34
97	139
97	478
98	202
98	728
318	692
505	260
505	51
505	241
345	789
211	216
211	377
211	404
211	342
211	655
212	3423
897	3880
2005	1133
2473	408
1933	200
1026	540
825	359
523	98
389	366
327	143
241	605
241	1888
242	971
242	442
447	50
683	278
683	141
491	164
266	20
211	28
211	198
211	197
187	242
153	32
123	191
97	39
97	87
97	101
97	39
97	101
97	149
97	415
97	184
97	23
97	212
97	26
97	150
97	306
97	103
97	156
97	22
97	71
97	70
97	209
97	1114
97	646
97	100
97	95
97	77
97	30
97	346
97	9
97	21
97	170
97	44
97	209
97	75
97	133
97	564
97	659
97	1665
97	88
97	33
97	152
97	259
97	143
97	316
97	292
97	1294
97	95
97	92
97	334
97	485
97	170
97	415
97	98
97	144
97	294
97	211
97	36
97	78
97	1
97	32
180	424
172	685
124	378
124	247
124	200
124	27
124	27
124	363
108	70
97	284
97	170
97	1335
97	37
97	69
97	19
97	70
97	128
97	119
109	118
124	159
123	138
123	334
123	87
123	35
123	31
139	738
134	15
123	162
123	279
110	219
96	461
96	107
96	58
96	175
96	130
96	116
96	61
96	224
96	270
96	160
96	106
96	171
96	197
96	213
95	101
95	97
95	167
95	208
95	58
112	134
107	985
96	7
96	45
96	11
95	57
95	57
95	3
95	112
95	113
95	106
95	277
95	63
95	60
95	63
95	220
95	169
95	28
95	80
95	64
107	69
121	45
121	3
121	60
121	201
121	83
106	740
94	487
95	160
95	159
95	789
95	540
95	60
95	1471
96	6896
97	4849
97	1470
97	542
97	348
97	99
97	169
97	99
97	37
97	37
97	100
97	42
97	146
97	43
97	29
97	151
97	276
97	18
97	77
97	49
97	148
97	13
97	104
97	131
97	104
97	689
97	350
97	193
97	122
97	185
97	2534
97	2547
98	1013
98	542
98	295
98	1673
98	488
98	3006
306	7158
515	2446
1943	903
3135	302
3122	265
3107	25
3092	86
1727	536
504	3
505	4867
1346	6070
2482	1400
2477	749
2469	144
2460	235
1335	394
241	300
241	202
241	306
241	180
241	1182
241	2223
574	2346
1776	1046
1900	689
1489	435
1486	419
1065	373
417	288
417	274
306	378
174	176
97	210
97	220
97	220
97	267
97	152
97	1958
98	3418
98	1223
98	639
1265	441
2472	4721
1742	21502
639	23084
352	4612
352	1703
353	1276
1929	1012
2961	2135
2225	12376
847	9826
1839	2837
4717	534
6084	1428
6051	509
6016	405
5980	726
5391	1144
4920	448
4895	477
4873	1192
4724	535
4495	455
4325	358
4014	371
3674	540
3128	573
3116	593
3104	438
3091	206
2115	419
417	465
417	1475
418	371
417	220
417	649
418	856
418	2542
1403	2843
2150	1674
2146	932
2142	799
1438	864
964	453
658	2833
420	5393
1136	2294
2160	1141
2156	939
2151	621
2146	530
2141	416
1106	218
417	452
417	420
417	210
417	531
419	8215
1359	5432
2171	1542
2704	816
3112	713
3099	621
3087	862
2458	2568
1490	5810
2072	7194
3125	1998
3117	1071
3106	715
3095	618
1858	510
682	1158
681	428
681	466
681	555
681	481
681	487
680	405
490	366
329	393
329	266
329	433
329	782
330	4457
554	6278
1090	1638
1506	738
1504	524
1502	424
1499	754
1497	362
1494	72
1491	366
1489	62
981	913
505	233
505	753
505	2804
1416	1410
2459	308
1373	690
504	1165
505	1696
506	484
505	694
505	123
505	65
505	736
395	129
241	426
241	132
241	154
214	1338
182	364
204	201
241	280
241	314
241	229
241	159
241	176
241	5
241	113
241	867
241	612
241	225
241	241
241	174
241	118
241	681
489	674
782	274
781	399
614	241
418	1840
571	1928
784	1971
787	5542
1253	3233
1892	1050
2164	866
2159	446
1716	639
1314	597
1148	564
1146	1135
1145	455
1144	196
1142	454
1140	637
890	384
552	165
300	1222
300	801
300	356
300	357
300	240
214	91
122	62
97	225
97	1206
98	1102
276	575
505	382
505	130
351	281
373	1254
507	4347
792	1437
1290	1944
2075	749
2184	197
1034	40
506	186
505	254
395	228
161	38
98	119
98	289
98	351
98	217
97	25
97	38
89	30
113	8
125	502
125	940
125	189
125	189
125	70
125	1665
486	286
1225	1351
1238	475
782	1223
785	4711
788	1978
1495	1354
2155	1360
2409	753
2131	475
1146	1392
1144	178
812	315
153	30
153	1094
704	647
681	931
682	3134
688	5313
1306	434
2157	231
2149	162
1601	76
439	66
153	33
153	83
120	2
97	55
97	277
97	37
97	123
97	87
97	1351
97	1038
98	549
310	377
505	191
457	831
389	513
389	262
389	274
321	85
241	44
169	110
97	7
97	14
97	37
97	88
97	131
97	256
109	237
147	218
181	109
143	144
97	10
129	245
152	29
152	14
138	30
124	168
124	42
124	60
124	171
124	219
124	132
109	597
97	23
97	73
97	14
97	45
97	184
97	131
97	53
96	132
96	43
96	132
111	8
156	119
169	155
151	49
151	99
151	275
151	3548
125	2041
97	790
97	297
97	413
97	225
97	151
97	224
97	88
97	350
97	4422
625	2149
1492	1227
1491	420
1270	381
734	172
504	68
233	48
97	223
98	19523
102	30287
104	2777
104	1094
104	673
104	421
104	169
104	169
104	191
104	78
104	176
104	178
104	72
2209	83
3947	339
3928	249
3910	9
3892	111
3873	176
3854	122
3835	36
3815	119
3795	118
3416	40
2022	167
1503	146
1500	174
939	89
626	38
625	40
624	39
624	27
623	359
317	205
98	86
98	102
98	81
98	166
98	100
98	84
98	113
98	23
98	40
98	104
97	33
97	30
97	117
97	172
97	200
97	195
97	25
97	215
97	389
97	38
97	237
97	87
97	46
97	157
97	225
97	843
97	108
97	672
97	416
97	41
97	84
97	105
97	163
97	55
97	299
97	159
97	20
97	38
97	385
97	87
97	43
97	265
97	156
97	157
97	20
97	148
97	214
97	29
97	197
97	42
97	104
97	533
97	1758
97	1100
98	826
358	359
594	333
447	994
447	67
447	72
446	197
446	418
446	952
447	703
447	669
447	449
447	302
447	308
447	232
446	200
308	334
97	725
98	965
98	3650
881	2903
1500	1168
498	747
496	428
493	206
490	229
488	266
770	461
182	42
182	297
161	297
125	274
125	368
109	19
97	282
97	215
98	526
97	144
97	474
97	662
98	253
97	44
114	474
98	210
98	26
98	201
98	157
98	12
98	100
98	205
97	19
97	33
97	647
97	474
97	89
97	135
97	474
98	902
98	263
98	162
98	44
98	147
98	204
98	507
98	22
98	162
98	104
97	48
97	399
98	1485
336	564
505	249
293	30
98	648
98	95
98	39
98	289
98	148
98	101
98	106
98	143
97	44
97	148
97	473
97	27
97	90
98	1340
98	1121
98	149
224	353
331	787
331	708
331	850
485	350
595	777
595	194
594	190
594	105
497	242
384	314
330	442
330	19
330	87
275	402
211	288
173	300
97	35
97	224
97	48
97	463
98	8962
102	47070
105	14776
106	1821
106	1204
635	510
1403	512
2284	441
3652	269
4633	82
5015	75
5553	4923
6001	1605
5968	469
5929	146
5890	559
5850	417
5324	1290
4416	1561
4101	1220
4126	689
4104	206
4080	22
3575	68
2273	147
817	315
330	44
330	266
330	204
330	1447
331	3952
574	8097
1640	4045
2504	1033
2498	614
2491	410
2483	116
2474	154
1958	247
914	128
682	50
681	194
414	1795
412	1924
920	200
1145	422
948	200
735	174
488	129
118	56
97	49
97	49
97	17
97	548
97	849
97	172
97	662
719	13089
2325	6522
3150	1014
3139	235
3127	1259
3119	933
3106	199
2982	59
1613	373
60	0
97	115
97	349
97	18
97	225
97	413
98	1787
296	234
530	405
530	466
530	285
530	223
314	21
97	79
97	82
97	164
97	11
97	78
97	152
97	228
97	41
117	6
153	44
153	147
152	171
122	125
97	276
97	200
97	17
97	796
97	92
97	152
97	91
97	137
109	77
148	33
181	189
181	20
180	458
166	292
128	36
97	21
97	67
96	166
97	2448
97	1355
97	97
97	35
97	357
97	18
97	661
97	87
97	17
97	18
128	118
152	85
152	90
152	86
152	212
152	22
152	75
176	15
209	78
209	67
183	373
152	148
152	211
152	46
151	311
151	516
151	20
151	18
151	135
151	123
119	167
96	278
96	70
96	42
106	70
123	33
123	12
123	40
123	30
134	76
151	227
151	119
151	50
151	53
150	78
150	115
130	124
96	19
116	249
150	156
150	160
80	0
179	125
150	68
150	44
150	81
149	88
149	166
149	438
149	50
149	391
149	0
149	98
149	208
149	7
120	191
95	154
95	48
95	49
95	25
95	37
95	118
95	1264
95	59
95	332
62	0
95	275
95	212
95	795
95	143
95	70
95	14
95	65
95	20
95	13
95	17
95	35
95	114
95	38
95	249
95	84
94	4
94	40
94	578
78	54
49	34
49	111
49	2
49	74
49	166
49	0
49	66
49	150
49	80
49	46
49	99
49	26
49	41
49	36
49	73
49	23
49	18
49	111
49	5
49	15
49	260
49	11
49	34
49	724
49	725
49	318
49	157
49	204
49	85
58	117
65	28
65	28
65	28
65	124
65	76
65	174
65	72
65	36
65	315
65	114
65	120
65	125
65	221
65	266
65	33
65	16
65	15
65	262
65	206
65	36
65	133
64	106
64	37
64	101
64	134
64	38
64	38
64	34
64	477
64	411
64	67
64	79
64	68
64	601
64	176
64	157
64	82
64	205
64	79
65	1468
65	751
65	168
65	114
65	158
65	833
65	3202
65	1482
65	269
65	554
66	553
65	107
66	1196
66	693
66	535
66	698
66	171
66	288
66	410
66	361
66	342
66	482
66	293
66	365
66	576
66	4
66	340
66	658
66	245
66	166
66	248
66	190
66	54
66	525
66	67
66	58
66	360
66	594
66	1111
66	62
66	8
66	15
66	461
66	538
66	691
66	317
66	126
66	187
66	1497
67	1198
67	1321
67	190
67	745
67	616
67	0
75	639
155	1961
235	2685
408	1656
62	0
972	1088
975	4119
1399	2425
2268	1223
2484	575
2011	604
1205	1001
994	286
993	258
781	39
515	173
381	709
301	300
301	228
301	1474
302	1030
468	980
744	271
743	278
742	6
742	279
741	91
740	2957
754	18892
1812	2429
3244	1086
3713	413
3895	180
3025	462
1977	115
1115	568
846	1568
1000	2159
1604	2216
2073	2382
2073	1583
2070	558
1860	456
1256	322
1030	96
871	85
573	256
506	207
506	519
506	20
506	105
351	92
241	370
241	307
241	143
241	71
241	37
241	11
241	310
241	3998
243	5289
245	8576
958	4224
1862	2005
2405	2054
3599	1092
4007	753
2999	581
1118	500
512	504
512	711
513	2437
1247	1101
2652	505
2723	575
2160	300
2153	161
-99	0
1549	291
368	60
270	87
207	212
153	64
153	470
128	876
98	535
98	225
98	178
121	3
187	38
241	119
193	268
452	99
617	199
153	156
153	10
153	76
153	32
153	16
152	594
153	533
153	289
153	103
153	100
153	68
152	38
162	199
181	47
181	11
181	128
181	306
181	259
181	4
181	46
181	106
180	71
149	175
133	28
152	113
168	20
180	451
180	318
180	98
180	155
180	157
179	661
179	220
179	129
179	723
180	362
180	106
180	232
179	140
154	804
96	277
96	336
96	1755
97	3860
97	1523
97	486
97	347
97	50
97	231
97	537
97	99
97	45
97	605
98	471
98	106
98	162
98	17
98	86
97	39
97	1165
98	872
98	644
98	561
98	167
98	167
98	31
98	28
98	101
569	111
98	85
589	598
97	263
97	474
98	225
98	35
97	89
97	16
97	36
130	48
153	32
153	144
153	98
153	344
116	1063
97	981
98	413
98	2172
63	2769
0	25467
0	20336
56	1547
104	502
104	585
104	249
104	249
104	165
303	26
1034	253
2183	487
3565	71
4671	65
5269	81
5483	35
5446	65
5407	55
4878	379
3078	362
2174	29
2168	32
2160	169
945	486
98	303
98	6273
239	7335
518	1435
518	711
1602	96
3680	119
3991	54
3967	22
-99	0
1493	691
1491	26
956	149
335	210
98	114
97	12
98	2084
98	6398
99	1954
1720	334
3112	233
2472	349
1492	296
979	843
506	304
506	241
507	5339
1244	4203
2165	1401
2161	622
1855	727
1498	1628
1497	959
1497	5502
734	36290
104	8039
104	7615
105	6504
105	1703
847	1268
3260	412
5035	994
5014	613
4313	734
3414	701
2948	2482
2948	2595
3865	724
4937	1577
4913	204
4886	247
4860	664
4832	280
4807	1206
4780	269
4136	845
3449	184
2967	321
2008	544
1316	381
1149	2391
1154	4696
1158	2807
1160	2166
470	1844
99	4875
101	12092
102	5986
1719	2167
3555	1273
2259	1310
1550	1994
2281	5764
4392	1581
5026	1349
5002	806
4973	629
4943	553
3452	985
2503	4092
2520	7793
2526	2212
3449	1372
4123	1472
4106	1452
4089	1236
3158	3138
2491	3238
2489	1651
2854	801
3108	915
3097	636
2824	374
1225	712
330	691
331	5470
1633	4547
3112	1639
3103	982
2468	1061
1490	1092
1489	795
1491	3942
1494	1361
2319	644
2821	914
2298	4587
2476	3867
3091	1415
3082	1126
1750	865
504	1752
504	251
504	815
504	752
504	564
504	564
504	627
504	564
504	564
504	439
504	627
504	174
504	506
504	566
504	555
505	1260
505	741
578	701
681	1242
682	1702
687	9117
1467	3672
2498	2900
3462	4410
3229	7542
2208	15313
2255	17906
2772	3084
4350	1508
4926	1834
4595	1153
3270	3014
2249	4732
2251	3527
2748	6938
4340	1810
4917	1411
4894	930
4871	1272
4846	660
4825	1248
4256	694
3966	663
3948	718
3739	355
-99	0
2161	557
2155	562
1740	736
1492	426
1490	557
1491	4002
2292	4737
3104	1177
3093	570
2207	1432
1488	1360
1486	1108
1160	907
858	730
680	489
680	991
581	15
417	852
417	469
417	331
417	935
418	1024
418	871
561	2046
944	6091
2161	1956
2793	998
-99	0
1879	23794
1195	14326
2359	4363
4302	1205
5058	1430
4060	1011
2010	3145
1712	5273
4281	983
5023	1012
4997	824
4968	731
4595	431
3486	757
2974	550
2963	341
2951	168
2452	331
1411	353
967	464
870	375
681	495
681	558
680	294
614	245
464	22
336	28
189	450
153	281
153	218
153	594
153	96
153	148
153	155
123	188
97	38
97	87
97	110
97	108
97	52
97	62
97	240
97	392
97	423
97	13
97	66
97	193
97	70
97	57
97	184
97	22
97	42
97	193
97	306
97	101
97	801
97	2958
97	1294
98	922
98	680
98	695
98	672
305	451
594	117
594	276
494	163
330	206
331	4702
510	1979
1249	1060
1547	614
1544	551
1542	368
1396	489
1145	109
874	12
457	228
250	98
175	2
153	200
153	106
132	285
97	248
97	24
97	74
97	1183
97	37
97	41
97	72
97	260
97	179
97	1
97	140
97	129
97	135
97	172
97	315
97	108
97	193
97	135
97	167
97	1748
97	666
97	98
97	17
97	7
97	71
97	143
97	128
97	422
97	7
97	242
97	338
97	38
97	476
97	726
97	40
97	302
97	28
97	259
97	72
97	88
97	429
97	352
97	72
97	288
97	304
97	26
97	99
97	147
97	308
97	237
97	1980
97	1162
97	44
97	29
97	106
97	17
97	195
97	40
97	143
97	45
97	37
97	129
97	148
97	853
97	401
97	88
97	133
97	72
97	54
97	9
97	57
97	238
97	4
96	48
96	66
96	66
95	341
-99	0
123	28
123	27
123	110
123	28
123	25
123	144
123	82
123	142
123	77
123	152
123	24
123	30
123	15
123	12
123	284
122	13
122	231
106	78
95	61
95	205
95	6
95	6
95	24
95	223
95	6
95	46
95	382
95	0
95	169
95	51
95	1467
95	47
95	323
95	5
95	50
95	51
95	271
95	383
95	116
95	114
81	154
65	1274
65	860
65	68
65	24
65	76
65	81
65	87
65	78
65	21
65	25
65	80
65	8
65	642
65	29
65	294
65	438
65	18
65	22
65	136
65	37
65	77
65	29
65	130
65	447
65	621
65	277
65	86
65	551
65	83
65	51
65	229
65	1058
65	458
65	125
65	110
65	186
65	187
65	72
65	240
65	104
65	193
65	405
65	69
65	1650
66	2683
66	1422
66	539
66	1067
66	311
66	124
66	416
66	121
66	188
66	416
66	73
66	173
66	175
66	69
66	241
66	242
66	549
66	188
66	9
66	183
66	1307
67	6261
67	1318
706	845
1564	360
1561	373
1557	308
828	381
230	96
230	984
230	923
231	2236
834	1689
1536	867
1180	250
806	607
806	298
805	229
507	270
245	240
245	236
217	25
172	7140
174	3464
854	1107
2418	413
3127	359
3118	407
1975	989
838	1400
839	884
1148	837
1053	738
430	673
233	12045
139	25352
141	3680
141	1478
382	1163
1282	3059
3022	3566
3945	3336
3943	3038
3933	1229
3921	1233
3907	721
3974	614
3841	1039
3872	1181
3979	907
3963	822
3945	794
3927	1030
3911	1261
3918	1221
3882	753
2601	1069
1506	701
1504	226
1501	608
953	697
465	531
533	340
418	804
330	19
329	11
225	343
153	342
153	222
153	275
153	415
153	92
153	268
153	152
153	159
118	63
101	339
101	729
102	212
101	153
102	473
102	347
102	5936
1035	3025
1644	1239
1642	978
1640	900
1638	311
1635	638
1339	207
899	498
637	87
526	113
525	328
525	285
439	379
222	26
139	1330
121	317
109	108
109	459
109	3456
806	2656
1278	809
1277	414
961	34
766	887
768	363
1052	977
1276	944
1274	394
821	248
390	517
256	3
256	1002
517	1016
825	311
498	234
215	6240
882	4273
1723	1235
1721	855
2053	593
2285	362
1904	1504
1713	244
1064	482
563	65
563	71
299	121
114	241
114	111
114	16
114	126
114	135
114	3
114	174
114	1546
114	5409
116	16762
683	12855
2212	3355
3186	1617
3525	1102
4016	582
3965	831
3809	2014
3737	2132
3298	1498
3830	597
4064	230
4050	319
3234	380
1974	397
1227	311
1225	494
1223	151
728	165
226	65
226	233
226	2379
1121	5228
1721	796
1717	320
1714	1040
1713	1844
2050	2774
2878	1748
2324	1154
1450	1132
1449	759
696	393
232	248
232	106
153	157
114	136
114	126
114	126
114	71
114	304
114	308
114	69
114	69
114	49
113	172
113	56
113	54
113	53
113	52
120	500
127	270
114	130
107	246
107	330
107	310
107	59
107	187
107	422
107	248
107	73
107	61
107	184
107	7
107	310
107	304
107	67
111	109
113	369
114	598
114	237
114	173
119	138
126	74
128	1142
129	3820
129	320
129	1196
129	447
129	511
129	253
346	296
476	104
475	168
254	146
121	997
108	4932
109	783
706	716
1052	456
968	767
1253	1052
1711	451
2114	272
1483	358
911	285
360	242
106	136
106	120
106	205
106	179
106	81
106	1496
107	2111
371	434
586	280
365	187
331	101
331	14
208	47
125	47
127	75
125	11
125	75
125	7
125	7
125	4
124	120
124	54
128	2071
129	4850
130	1254
130	194
784	187
1195	198
1193	142
1191	326
1190	1585
1191	1451
1191	790
1184	500
1180	691
1181	2170
1181	1052
1060	446
932	246
931	343
363	7
108	172
108	54
108	110
108	8
108	723
108	2663
109	6978
1204	1619
1968	877
1951	567
1679	1481
1400	928
1399	728
1397	405
1395	402
1393	304
894	401
309	192
242	181
242	428
363	11
436	303
343	224
238	51
190	1199
186	245
186	1253
459	40
622	555
534	288
413	299
340	279
275	207
275	159
275	144
202	208
149	327
128	11433
107	13146
108	2172
108	1793
319	96
2221	136
3883	128
3864	128
3855	199
3838	373
3817	160
2580	462
1368	100
1169	97
1050	729
858	478
634	316
633	316
635	5970
1528	3576
2591	1128
2571	646
2081	549
1540	3188
1542	1931
1548	1937
1548	877
1546	743
1544	608
1329	680
1078	511
1077	634
522	5791
138	6631
1409	6494
3055	6972
3591	2150
3615	1102
3605	2521
3307	2667
3567	1215
2922	1177
1983	7310
2021	18273
2038	3254
2038	1786
3284	622
4320	421
4341	830
2936	1695
2038	1587
2041	3680
2060	15075
2081	5369
2890	1819
3589	1238
2002	1284
1326	1462
1582	1098
1968	1095
3078	568
3802	714
3787	586
3770	405
3569	836
3446	590
3432	454
3417	439
3401	329
2916	533
2248	411
1321	503
781	464
780	277
780	783
781	2278
1381	1814
2010	3694
1496	2415
924	1513
926	6403
1424	6866
2091	2721
2772	1093
3641	870
2287	1103
946	1004
949	4319
1894	2727
3207	1600
3631	862
2352	2474
1011	6314
1019	9221
1031	9323
1038	6615
651	12592
148	3235
148	5252
149	7757
150	3294
150	1661
566	2525
1694	2207
2715	1425
3610	855
4163	1505
4574	3828
4811	2235
4796	1190
5040	1469
5319	1012
5295	945
5433	316
5401	507
5369	400
5336	715
5303	346
5268	625
4619	757
3465	448
2951	497
2939	287
2611	312
1860	1112
1253	755
775	699
809	2681
1030	1667
1030	1032
1398	829
1527	714
1423	798
899	842
716	2157
718	2673
720	2496
998	1851
1509	1170
1689	1742
2000	3176
2306	1040
2301	694
2295	801
1874	615
1210	767
749	561
534	235
468	900
432	2164
433	2874
1202	1134
1303	728
1028	1027
1026	570
1026	150
1024	399
946	446
684	371
490	182
328	904
255	175
185	187
153	406
153	585
153	283
153	282
153	292
153	288
153	290
153	276
153	97
148	347
148	782
149	660
194	361
221	294
221	277
221	270
219	845
218	93
218	218
173	48
140	86
140	78
140	149
139	77
137	84
136	20
140	31
111	6
101	115
101	56
101	363
104	130
104	49
104	53
104	379
104	730
104	146
104	15
104	15
109	560
109	2296
110	1106
110	430
110	177
112	363
209	41
278	278
278	1674
451	1483
624	622
624	290
623	121
498	74
289	112
285	149
284	71
284	111
288	408
226	163
123	829
123	249
123	2
123	122
123	185
123	137
123	62
123	0
123	7
123	50
123	698
123	185
123	59
123	127
123	65
123	54
123	3780
123	3564
434	828
930	331
1470	209
1741	214
1378	105
773	226
311	511
103	209
103	242
103	1428
707	897
1120	497
507	9
203	16
150	24
150	30
123	74
103	239
103	41
103	70
106	65
106	196
106	179
106	187
106	64
105	145
106	9
106	181
106	981
106	170
106	14
107	309
107	119
107	53
107	65
107	621
107	372
106	39
108	62
109	111
109	7
109	433
109	51
109	50
108	121
108	136
109	61
108	2
108	3
105	58
104	186
104	6
105	372
105	497
106	367
106	115
106	42
105	113
105	59
105	117
105	47
106	1063
107	56
107	179
106	63
104	2
104	108
104	68
104	124
104	168
104	0
105	53
105	169
105	64
105	530
106	701
106	6
106	6
106	122
106	55
106	44
106	114
106	125
105	2
104	10
104	110
104	293
104	114
104	61
104	119
104	117
104	1872
104	161
104	238
104	174
104	57
104	6
104	111
104	290
104	125
104	120
104	65
104	123
104	46
104	125
104	52
104	147
104	1353
104	349
104	170
102	122
102	632
103	165
101	110
98	15
98	74
98	13
98	64
98	1
98	147
98	160
99	3
99	3
99	2
99	52
99	55
98	53
98	53
98	6
98	4
98	54
97	276
98	324
98	15
96	8
96	218
96	161
96	67
96	98
95	33
95	62
95	102
95	171
95	95
95	6
95	48
95	3
95	145
96	116
96	597
96	503
73	35
66	20
66	129
66	298
66	42
66	23
67	11
66	79
66	134
66	25
67	184
67	507
67	129
68	457
68	130
68	143
68	76
68	175
68	44
68	76
68	95
68	236
68	131
68	11
68	16
68	496
70	10346
70	2459
69	821
69	321
70	71
70	120
70	321
70	946
71	259
70	258
70	384
70	196
70	16
70	2005
70	2082
642	715
1546	418
1143	821
670	904
682	177
681	503
675	300
510	512
333	36
332	275
203	198
110	612
110	391
110	113
111	176
111	238
111	21
111	732
112	44
112	45
112	986
112	482
128	620
395	395
585	200
585	450
585	333
584	136
323	4
126	184
126	121
126	936
126	71
126	190
126	126
123	177
123	365
125	1003
621	1865
1150	762
1149	712
815	316
612	739
440	373
180	74
125	449
125	116
125	189
125	258
127	138
315	3583
978	3361
1414	1153
1556	5467
1563	3138
2030	1062
2484	734
2502	912
1651	7118
2199	4128
3107	1654
3099	750
3123	313
2539	485
1508	580
1121	855
1120	1054
1119	118
1117	12
853	287
483	50
286	213
137	1882
383	1257
695	259
695	496
668	107
450	321
344	596
207	585
134	574
136	452
136	317
136	49
137	387
138	11
138	213
140	51
142	264
142	104
142	2143
625	2453
1040	641
1039	436
753	423
569	202
569	270
569	136
351	417
211	98
209	22
141	97
119	246
119	246
120	245
120	10
120	193
120	127
120	196
120	381
120	329
120	66
120	66
120	64
120	12
120	12
120	263
120	121
120	818
103	78
92	94
109	61
108	3
103	126
103	43
103	1115
104	5149
947	1086
1579	517
1068	5239
1649	3846
2301	960
2294	371
2274	37
1800	59
890	345
300	56
151	73
151	89
151	24
150	78
137	160
114	126
114	118
114	287
114	182
114	132
114	114
114	7
108	4
107	250
107	253
107	139
107	139
107	59
107	122
107	186
108	115
108	100
108	217
109	246
109	44
109	183
109	166
109	6
109	17
108	118
125	202
137	83
138	455
134	15
109	297
99	1690
99	1904
99	237
99	40
99	297
99	109
100	370
101	425
101	212
101	179
101	76
101	3
101	875
101	117
102	69
102	7
102	124
102	123
101	174
101	111
101	3
101	183
101	730
101	183
101	237
101	4
101	57
101	121
101	369
115	142
156	60
166	20
152	4
152	58
120	23
98	61
98	125
97	1
97	7
97	114
97	60
97	57
97	55
97	115
97	113
97	65
97	47
97	11
97	7
97	422
97	188
97	9
97	344
97	237
125	144
164	106
177	36
177	136
177	27
177	644
169	472
121	547
115	215
140	332
140	321
119	433
104	178
104	60
131	76
158	43
144	54
144	58
144	53
124	70
103	26
111	242
123	391
123	173
123	9
123	193
123	49
123	227
117	233
107	1925
108	2094
108	652
106	60
106	4
104	51
104	22
103	23
103	38
104	26
104	11
104	38
104	144
105	123
105	35
105	19
105	74
105	60
105	297
105	37
105	142
102	63
102	61
103	6
102	47
101	91
101	182
101	91
101	17
101	95
101	20
100	121
100	179
100	67
100	100
100	53
100	36
100	115
100	77
100	15
100	62
100	115
101	518
101	174
102	20
102	72
102	80
102	410
102	117
103	74
102	118
101	19
101	22
90	8
72	50
72	7
72	1332
72	331
72	2582
73	1239
73	252
73	1117
72	408
72	353
72	299
73	27
73	245
73	245
73	354
68	185
68	185
68	131
68	131
68	90
68	80
68	243
68	3401
68	2887
68	690
68	321
68	371
68	136
68	196
68	2260
68	3218
68	662
68	468
68	277
451	329
742	289
735	347
619	182
502	566
